0 87 216
1 91 250
2 98 283
3 107 315
4 118 346
5 136 375
6 161 397
7 191 413
8 221 416
9 251 411
10 279 395
11 303 372
12 320 345
13 330 314
14 337 283
15 344 251
16 348 219
17 114 201
18 135 190
19 158 190
20 179 196
21 201 205
22 253 204
23 273 194
24 293 190
25 314 191
26 331 202
27 226 231
28 227 252
29 227 273
30 229 294
31 209 311
32 218 313
33 227 316
34 236 313
35 244 310
36 141 232
37 156 223
38 175 225
39 189 238
40 173 242
41 154 242
42 259 238
43 273 224
44 292 222
45 306 232
46 294 241
47 276 242
48 180 348
49 199 340
50 216 334
51 228 338
52 239 334
53 254 339
54 271 347
55 255 361
56 240 367
57 227 369
58 215 368
59 198 362
60 189 349
61 216 348
62 227 349
63 239 348
64 263 348
65 239 348
66 227 350
67 216 349
